start=10.903000
volume=85.000000
