start=4.941000
volume=55.000000
