start=227.627000
sid=no
sub-delay=0.100000
