start=1.170000
volume=55.000000
