start=1436.977000
pause=yes
volume=125.000000
