start=189.089000
volume=85.000000
