start=1368.701000
volume=116.000000
