start=37.084000
pause=yes
volume=115.000000
