start=1442.333333
volume=95.000000
