start=5.005000
volume=85.000000
