start=9224.708708
af=@rb:rubberband
video-aspect-override=1.777778
