start=80.408878
fullscreen=yes
ab-loop-a=57.182644
