start=21.770700
fullscreen=yes
ab-loop-a=57.182644
