start=128.687846
speed=1.102500
