start=3.204000
volume=55.000000
sid=no
