start=2.506000
volume=55.000000
