start=203.946551
volume=105.000000
