start=511.083333
volume=120.000000
fullscreen=yes
