start=14.848000
volume=85.000000
