start=0.000000
fullscreen=yes
ab-loop-a=328.536542
