start=106.407358
ab-loop-a=105.947680
