start=6.710000
volume=55.000000
