start=1.470000
volume=55.000000
sid=no
