start=542.834000
pause=yes
volume=130.000000
