start=1.938000
volume=55.000000
