start=7.563000
volume=85.000000
