start=81.366000
volume=85.000000
