start=6.476000
volume=85.000000
