start=0.770000
volume=55.000000
sid=no
