start=1618.833883
volume=105.000000
