start=0.337000
volume=55.000000
