start=11.453807
fullscreen=yes
ab-loop-a=3.249074
ab-loop-b=14.276235
