start=4.270000
volume=75.000000
