start=3.470000
volume=55.000000
sid=no
