start=16.817000
volume=85.000000
