start=2.569000
volume=55.000000
