start=109.858944
fullscreen=yes
ab-loop-a=57.182644
