start=3900.477000
volume=105.000000
fullscreen=yes
aid=1
sid=no
