start=8.100000
volume=55.000000
