start=5.970000
volume=85.000000
