start=9.636000
volume=55.000000
sid=no
