start=169.434000
volume=75.000000
