start=10.427000
volume=85.000000
