start=1213.212000
volume=120.000000
aid=1
sid=2
