start=11.765149
fullscreen=yes
ab-loop-a=0.840368
ab-loop-b=11.894437
