start=88.716331
ab-loop-a=44.918160
ab-loop-b=45.124569
