start=7.703000
volume=75.000000
