start=20664.438958
pause=yes
volume=75.000000
contrast=1
