start=5.756000
volume=85.000000
