start=1846.571687
pause=yes
volume=88.000000
sid=1
sub-visibility=no
ab-loop-a=1846.571687
