start=70.348000
volume=85.000000
