start=3.874000
volume=55.000000
