start=2.903000
volume=75.000000
