start=4720.504083
pause=yes
volume=105.000000
