start=1.745000
volume=85.000000
