start=4334.834000
ab-loop-a=4430.168000
