start=1929.861000
speed=0.848195
gamma=-10
sid=no
