start=1.960292
fullscreen=yes
ab-loop-a=328.536542
