start=8.466792
fullscreen=yes
sid=no
ab-loop-a=328.536542
ab-loop-b=1.376375
