start=5.742000
volume=55.000000
