start=36.370000
speed=0.933015
gamma=-10
sid=no
