start=2.305000
volume=85.000000
