start=4.241000
volume=55.000000
