start=54.160000
volume=85.000000
