start=4.000000
volume=85.000000
