start=8.436000
volume=55.000000
