start=1648.400000
volume=110.000000
