start=812.077933
speed=0.909091
pause=yes
volume=115.000000
