start=10.170000
volume=85.000000
