start=105.041000
volume=85.000000
