start=5587.501000
ab-loop-a=5563.751000
