start=1496.625000
volume=80.000000
fullscreen=yes
