start=69.334000
pause=yes
volume=130.000000
