start=52.106224
speed=1.100000
