start=130.463000
speed=1.157625
