start=858.724533
deinterlace=yes
sid=no
sub-pos=98
ab-loop-a=659.225233
