start=5.675000
volume=55.000000
