start=14.047000
volume=115.000000
