start=1133.934000
volume=50.000000
