start=2.305000
volume=55.000000
sid=no
