start=52.885578
fullscreen=yes
ab-loop-a=57.182644
