start=206.108878
pause=yes
volume=95.000000
