start=4.107000
volume=55.000000
