start=5048.043000
volume=110.000000
fullscreen=yes
