start=22.628000
volume=85.000000
