start=17.956789
fullscreen=yes
ab-loop-a=57.182644
