start=531.197333
speed=0.683013
pause=yes
volume=102.000000
contrast=-1
sid=no
sub-pos=99
ab-loop-a=527.193333
