start=1312.770000
volume=120.000000
fullscreen=yes
aid=1
sid=2
