start=5.575000
volume=55.000000
