start=24.637000
volume=85.000000
