start=31.914844
fullscreen=yes
ab-loop-a=57.182644
