start=1326.158000
volume=120.000000
aid=1
sid=2
