start=1457.250000
volume=80.000000
