start=4.703000
volume=55.000000
