start=37.248000
volume=85.000000
