start=320.637871
volume=110.000000
