start=24.033733
fullscreen=yes
ab-loop-a=57.182644
