start=1.238000
volume=75.000000
