start=5.112000
volume=85.000000
