start=135.679433
fullscreen=yes
ab-loop-a=57.182644
