start=1105.920000
pause=yes
volume=102.000000
