start=1.231422
fullscreen=yes
ab-loop-a=57.182644
