start=8.509000
volume=75.000000
