start=2.703000
volume=55.000000
