start=46.833667
speed=0.957568
pause=yes
