start=1.960000
volume=85.000000
